0.93266
0.81149
0.99901
0.99523
0.98017
0.99645
0.71022
0.95957
Error occurred: "No face is found in the given image"
Code: 28

0.9118
0.95313
0.87627
0.98667
0.99739
0.98104
0.93286
0.9284
0.95204
0.90381
0.92357
0.74015
0.76674
0.8475
0.88509
0.89817
0.74376
0.80604
0.77797
0.84732
0.97096
0.80102
0.66292
0.9508
0.81656
0.78175
0.85055
0.83051
0.82706
0.99723
0.99859
0.99459
0.95943
0.99817
0.99707
0.99932
0.99875
0.99402
0.96343
0.99934
0.99474
0.99887
0.99949
0.99883
0.99936
0.99863
0.94836
0.9997
0.99159
0.98717
0.99702
0.98959
0.99934
0.9858
0.99402
0.99513
0.96382
0.99234
0.99158
0.9833
0.9886
0.99411
0.99772
0.96055
0.9949
0.99303
0.89899
0.99709
0.98955
0.98555
0.99072
0.9856
0.98614
0.99197
0.99785
0.9924
0.98927
0.97252
0.99585
0.99809
0.98377
0.73404
0.82791
0.86547
0.48142
0.84703
0.91457
0.98197
0.99697
0.68939
0.97891
0.98766
0.996
0.99969
0.99487
0.99948
0.99365
0.96653
0.93801
0.9932
0.7766
0.98863
0.99871
0.99707
0.9965
0.99784
0.9984
0.99614
0.99487
0.98953
0.99222
0.9967
0.99478
0.99794
0.99764
0.99616
0.99596
0.99854
0.99696
0.99068
0.96524
0.99918
0.99803
0.99821
0.98861
0.99831
0.99048
0.98911
0.95163
0.98642
0.98736
0.9967
0.99455
0.99836
0.98628
0.99769
0.98458
0.98995
0.99544
0.98735
0.98202
0.96832
0.97943
0.99653
0.99333
0.99872
0.96874
0.99921
0.98329
0.98536
0.99711
0.46065
0.99438
0.99667
0.99601
0.98707
0.99773
0.99863
0.99522
0.99049
0.93557
0.98611
0.9899
0.98272
0.73971
0.96943
0.99421
0.86367
0.98883
0.9715
0.98372
0.95871
0.98009
0.91135
0.94972
0.97128
0.99747
0.73385
0.98323
0.97463
0.99632
0.99855
0.99635
0.99723
0.96057
0.99727
0.99657
0.99661
0.681
0.99898
0.99179
0.99162
0.96494
0.99827
0.984
0.99401
0.99255
0.99104
0.98542
0.96501
0.98649
0.90291
0.9692
0.82845
0.96631
0.94216
0.99789
0.98914
0.91987
0.99364
0.97807
0.91797
0.98042
0.9994
0.99974
0.99636
0.99983
0.99851
0.99882
0.99729
0.97276
0.98628
0.99243
0.99899
0.98487
0.99297
0.96681
0.98923
0.98847
0.99689
0.99936
0.99969
0.99832
0.99686
0.99847
0.99559
0.99829
0.9987
0.99715
0.99383
0.99797
0.9993
0.99633
0.99676
0.99952
0.9994
0.99688
0.99775
0.99957
0.99126
0.99974
0.96114
0.99799
0.99927
0.99962
0.99781
0.99258
0.98108
0.99236
0.98155
0.93719
0.89366
0.8653
0.92282
0.94762
0.99671
0.98719
0.98377
0.98429
0.9011
0.92476
0.99719
0.97596
0.95938
0.71663
0.94826
0.987
0.96573
0.95839
0.99242
0.99623
0.99057
0.99241
0.97952
0.5543
0.94619
0.95841
0.8826
0.85043
0.99509
0.97723
0.69996
0.91869
0.98237
0.94511
0.98634
0.9016
0.99174
0.9832
0.99189
0.99294
0.99171
0.96998
0.97956
0.99418
0.98526
0.9876
0.99674
0.9786
0.97301
0.98678
0.97678
0.97446
0.99122
0.29072
0.98607
0.98666
0.98952
0.99206
0.99482
0.99458
0.99209
0.98515
0.98635
0.98605
0.99153
0.89954
0.98888
0.99115
0.98387
0.99101
0.99773
0.99375
0.99411
0.99124
0.98811
0.99403
0.98973
0.97912
0.99116
0.99087
0.99772
0.99568
0.95139
0.7601
0.97764
0.99699
0.97064
0.99832
0.94119
0.95155
0.98671
0.99336
0.91542
0.99911
0.99874
0.99778
0.89657
0.92135
0.91032
0.98703
0.96587
0.97433
0.96201
0.99014
0.9851
0.97275
0.94363
0.97191
0.95982
0.95873
0.97444
0.96747
0.99593
0.9995
0.9955
0.99719
0.97356
0.99932
0.98614
0.99463
0.99676
0.99789
0.98187
0.99929
0.99459
0.98612
0.99265
0.93395
0.97883
0.99028
0.99288
0.96158
0.99454
0.99069
0.97635
0.98053
0.98632
0.99978
0.999
0.99947
0.99816
0.99203
0.91703
0.83923
0.93139
0.96166
0.98262
0.97161
0.98345
0.87352
0.99736
0.81303
0.98959
0.57315
0.91609
0.99211
0.98593
0.98845
0.98756
0.93249
0.98645
0.99674
0.87316
0.99834
0.97784
0.98854
0.96792
0.8858
0.97582
0.97535
0.9875
0.98652
0.95589
0.98616
0.97371
0.9531
0.96539
0.95998
0.99229
0.88271
0.99326
0.99187
0.98996
0.9917
0.86305
0.98585
0.99501
0.89805
0.98241
0.98637
0.92322
0.99846
0.99878
0.9981
0.99877
0.9975
0.99966
0.9984
0.99812
0.98505
0.99898
0.99551
0.9951
0.99946
0.99918
0.99913
0.9999
0.99923
0.99942
0.99451
0.99767
0.99978
0.99987
0.99847
0.99819
0.99918
0.99921
0.99956
0.99952
0.99894
0.99856
0.99666
0.99867
0.99324
0.9993
0.99975
0.99974
0.99927
0.9976
0.99962
0.99832
0.99806
0.99969
0.99726
0.99428
0.99976
0.99903
0.99878
0.99808
0.99543
0.99989
0.99981
0.99772
0.99954
0.99905
0.99935
0.99575
0.99901
0.9987
0.99912
0.9994
0.9911
0.99716
0.99914
0.9833
0.98127
0.95642
0.9405
0.99923
0.99673
0.97723
0.97487
0.99464
0.9991
0.99226
0.99328
0.99887
0.98997
0.99885
0.9596
0.97844
0.97552
0.89949
0.93753
0.96343
0.99746
0.89305
0.9749
0.99567
0.99158
0.99756
0.99843
0.99599
0.98154
0.99242
0.99474
0.94219
0.99649
0.97305
0.99511
0.94707
0.9985
0.90485
0.95088
0.96538
0.99054
0.99835
0.99448
0.99704
0.99671
0.97757
0.97459
0.95196
0.95197
0.97603
0.95513
0.9539
0.46744
0.95028
0.98857
0.93978
0.99534
0.98289
0.94833
0.99341
0.98105
0.99119
0.9877
0.94488
0.98044
0.96592
0.99889
0.99819
0.99466
0.98964
0.99074
0.99801
0.76516
0.99609
0.99832
0.99476
0.9956
0.84321
0.97144
0.99503
0.99846
0.89916
0.99745
0.91673
0.99132
0.99791
0.99934
0.99917
0.99938
0.99893
0.99336
0.99939
0.9995
0.99868
0.99602
0.99556
0.99774
0.9958
0.9963
0.99839
0.99646
0.99686
0.9998
0.99398
0.99735
0.99944
0.90202
0.997
0.99846
0.99904
0.99685
0.99823
0.99216
0.98053
0.99518
0.96232
0.75571
0.99951
0.90599
0.99809
0.99892
0.9973
0.99976
0.99444
0.97199
0.95817
0.99012
0.97661
0.99887
0.99955
0.99929
0.99826
0.9992
0.98606
0.98913
0.98216
0.95865
0.99756
0.98461
0.98943
0.99774
0.98525
0.98149
0.99837
0.99951
0.99131
0.99865
0.99811
0.998
0.99573
0.9941
0.98381
0.99035
0.94328
0.99521
0.97424
0.98622
0.99634
0.99402
0.98252
0.99459
0.99171
0.95753
0.99239
0.99641
0.99059
0.96056
0.96715
0.99672
0.98737
0.9724
0.99751
0.99641
0.99234
0.96704
0.99476
0.88148
0.99518
0.99527
0.99363
0.99358
0.9985
0.99679
0.98475
0.82036
0.84755
0.56934
0.94261
0.93836
0.98171
0.94843
0.99868
0.98678
0.99963
0.99301
0.98385
0.99799
0.99513
0.99781
0.99666
0.9987
0.98194
0.97656
0.99066
0.99167
0.99884
0.9168
0.97731
0.98609
0.93019
0.99275
0.99075
0.98049
0.99216
0.99588
0.99637
0.98652
0.93782
0.82718
0.93719
0.98604
0.99421
0.98367
0.9965
0.99197
0.99422
0.98979
0.99208
0.9972
0.99246
0.99485
0.99879
0.95724
0.99521
0.99904
0.99669
0.99872
0.99796
0.99897
0.99674
0.9945
0.99389
0.99611
0.99904
0.99359
0.99607
0.99609
0.99237
0.99421
0.99895
0.99796
0.99567
0.99665
0.99663
0.9983
0.9989
0.99507
0.99791
0.97933
0.99632
0.99963
0.99153
0.96692
0.99172
0.98672
0.93545
0.98656
0.99278
0.98968
0.99885
0.99711
0.99915
0.99783
0.99983
0.9975
0.99977
0.99937
0.9967
0.99984
0.99942
0.99818
0.99879
0.99402
0.9848
0.99751
0.97378
0.99163
0.99168
0.91118
0.99397
0.99932
0.99829
0.99582
0.99856
0.99708
0.98478
0.97705
0.99321
0.94952
0.9949
0.99634
0.99165
0.99608
0.9895
0.99464
0.97527
0.99546
0.9466
0.99736
0.99802
0.99657
0.99551
0.99802
0.9926
0.99626
0.99761
0.96587
0.99852
0.99901
0.99801
0.96933
0.97723
0.99421
0.9945
0.64466
0.97885
0.98215
0.93746
0.97666
0.98568
0.98559
0.98229
0.93641
0.42236
0.99841
0.99909
0.99793
0.99791
0.99774
0.99537
0.85323
0.85243
0.99816
0.99838
0.99883
0.99639
0.99835
0.9962
0.99896
0.99959
0.97989
0.98119
0.92409
0.99898
0.99914
0.99582
0.99497
0.98893
0.92288
0.97677
0.97173
0.91855
0.93513
0.87176
0.97781
0.84018
0.94418
0.96061
0.99903
0.3364
0.99378
0.95219
0.98692
0.99785
0.98895
0.99065
0.98884
0.99336
0.96451
0.99453
0.999
0.99288
0.99916
0.99882
0.70528
0.98774
0.91907
0.72228
0.95173
0.72601
0.86827
0.99061
0.98976
0.92738
0.99892
0.94702
0.99538
0.95646
0.99609
0.99874
0.99395
0.99746
0.99066
0.97177
0.98463
0.9858
0.97519
0.99815
0.99625
0.99928
0.99933
0.99378
0.99874
0.9992
0.99948
0.99751
0.99464
0.99633
0.99509
0.99981
0.99968
0.9977
0.99589
0.9473
0.99891
0.99826
0.98891
0.99356
0.99911
0.99438
0.99827
0.99767
0.99716
0.99973
0.99296
0.98613
0.98663
0.99657
0.99671
0.99718
0.99836
0.99656
0.9688
0.98254
0.90369
0.99571
0.99561
0.81229
0.9849
0.99016
0.99708
0.89933
0.94502
0.96389
0.98188
0.92563
0.97081
0.52391
0.92461
0.99047
0.99168
0.91396
0.98343
0.99642
0.98429
0.99137
0.98517
0.99718
0.99093
0.9771
0.99071
0.97871
0.99158
0.99376
0.99062
0.97972
0.98704
0.98971
0.96571
0.97467
0.98666
0.99287
0.88156
0.97955
0.99209
0.13259
0.92552
0.98344
0.86619
0.98844
0.9839
0.98719
0.97077
0.94732
0.9999
0.99948
0.99648
0.98238
0.99699
0.99885
0.9804
0.98167
0.99414
0.97443
0.34698
0.9918
0.99651
0.99707
0.98498
0.95771
0.90391
0.40013
0.95764
0.91611
0.99316
0.99003
0.98071
0.97912
0.99795
0.98703
0.99323
0.99539
0.98523
0.99822
0.99146
0.99269
0.99736
0.99586
0.91739
0.90662
0.98347
0.9913
0.8836
0.99317
0.98795
0.98894
0.91311
0.98
0.99588
0.98753
0.96676
0.97884
0.99808
0.83938
0.99524
0.99605
0.98792
0.99734
0.93397
0.98407
0.985
0.99092
0.98336
0.97226
0.99435
0.97417
0.99007
0.93852
0.90206
0.97412
0.98472
0.98179
