0.99691
0.99343
0.99642
0.97244
0.99036
0.98525
0.98964
0.75769
0.92098
0.99643
0.93732
0.99845
0.98167
0.96738
0.99759
0.963
0.99761
0.99817
0.99772
0.99615
0.99498
0.99842
0.99136
0.99951
0.99896
0.98727
0.99976
0.99805
0.99847
0.99573
0.99832
0.98935
0.99934
0.99955
0.99704
0.9508
0.88647
0.91821
0.948
0.96982
0.86963
0.95884
0.90104
0.93964
0.9913
0.98874
0.99833
0.99175
0.87997
0.95483
0.97185
0.99723
0.99796
0.99604
0.82449
0.98886
0.97268
0.87859
0.97479
0.83125
0.97946
0.99299
0.98436
0.97822
0.86302
0.9809
0.95064
0.96796
0.99228
0.958
0.98012
0.9964
0.97358
0.9826
0.9851
0.96164
0.99697
0.97335
0.99197
0.98783
0.9971
0.98884
0.99322
0.99049
0.97674
0.99757
0.92046
0.99905
0.94979
0.89822
0.91231
0.99244
0.99953
0.44928
0.99718
0.99672
0.98526
0.99437
0.95672
0.99845
0.99432
0.99521
0.99276
0.98401
0.9925
0.99688
0.33002
0.99562
0.99823
0.99675
0.99034
0.9959
0.99759
0.98665
0.98579
0.99919
0.99548
0.99969
0.99818
0.99996
0.93815
0.99019
0.90397
0.9319
0.99472
0.92393
0.69452
0.90164
0.99642
0.99334
0.98649
0.99421
0.99987
0.99218
0.98245
0.9824
0.99047
0.99477
0.99058
0.99866
0.98645
0.98637
0.99053
0.99267
0.99781
0.99937
0.99966
0.99793
0.99624
0.99264
0.99644
0.99286
0.97319
0.95679
0.99411
0.99484
0.98676
0.99607
0.99324
0.99825
0.99583
0.99596
0.95957
0.99962
0.99921
0.99304
0.99826
0.99856
0.99868
0.99816
0.99758
0.98807
0.99697
0.99635
0.99372
0.99777
0.97486
0.99318
0.98337
0.99474
0.99702
0.99772
0.98259
0.99084
0.94433
0.87555
0.99362
0.97434
0.9979
0.96601
0.98595
0.99494
0.99863
0.99963
0.99856
0.99968
0.9995
0.99743
0.99721
0.99282
0.99612
0.99634
0.99537
0.98693
0.9848
0.99942
0.98942
0.99867
0.9963
0.99162
0.96036
0.94425
0.97607
0.96318
0.99016
0.97626
0.99218
0.99373
0.95
0.97912
0.98597
0.94359
0.90108
0.9912
0.97805
0.95205
0.68569
0.94301
0.99091
0.99092
0.93553
0.93633
0.86016
0.80813
0.88668
0.97422
0.9516
0.81034
0.96087
0.9925
0.9755
0.9696
0.95831
0.84044
0.95431
0.89031
0.93934
0.62984
0.92431
0.8777
0.97626
0.97998
0.98954
0.99439
0.99308
0.99806
0.99785
0.99614
0.98986
0.9915
0.99917
0.99613
0.99545
0.99348
0.99478
0.99923
0.98648
0.99976
0.99754
0.9965
0.99346
0.96399
0.98998
0.77527
0.99973
0.99681
0.99623
0.99808
0.9939
0.9947
0.99945
0.97754
0.94695
0.89718
0.94188
0.99297
0.99932
0.9977
0.99886
0.99953
0.9981
0.99856
0.99906
0.99456
0.98023
0.99158
0.81419
0.91298
0.97186
0.94483
0.99074
0.91518
0.99881
0.98497
0.99973
0.98916
0.97112
0.98687
0.99415
0.9938
0.98597
0.52389
0.72456
0.94026
0.81621
0.9804
0.99792
0.99206
0.99291
0.99974
0.99937
0.99827
0.99894
0.99889
0.99927
0.99356
0.9966
0.99625
0.99526
0.99624
0.95842
0.99652
0.99599
0.99928
0.98924
0.86362
0.9926
0.999
0.99787
0.99687
0.99832
0.97683
0.97973
0.99751
0.9963
0.99965
0.97706
0.95898
0.96057
0.88652
0.94395
0.96126
0.97773
0.6207
0.9497
0.72879
0.99004
0.89775
0.97452
0.76081
0.8607
0.49762
0.9611
0.87464
0.95316
0.95982
0.91781
0.9342
0.9666
0.99346
0.97784
0.99112
0.98656
0.98091
0.98939
0.97619
0.99833
0.99239
0.99312
0.99233
0.99934
0.98709
0.99843
0.60182
0.97689
0.99328
0.94862
0.98373
0.99887
0.99278
0.98178
0.98079
0.99039
0.99688
0.99778
0.99426
0.99724
0.99988
0.9985
0.99985
0.79026
0.97785
0.9987
0.99414
0.99856
0.99451
0.97711
0.99713
0.72304
0.99423
0.99475
0.96154
0.99781
0.98225
0.98954
0.9967
0.98129
0.97493
0.99443
0.9929
0.99867
0.99626
0.9769
0.84487
0.99731
0.99419
0.9986
0.99402
0.99725
0.99151
0.97521
0.99405
0.99627
0.9943
0.98964
0.98908
0.97782
0.99463
0.99831
0.9956
0.99816
0.99567
0.99702
0.99782
0.99721
0.98843
0.99557
0.99717
0.99286
0.9877
0.99254
0.99908
0.99421
0.99793
0.99185
0.98583
0.96219
0.99335
0.99603
0.98559
0.98443
0.99474
0.98403
0.98691
0.99613
0.95328
0.99068
0.99617
0.97334
0.97782
0.99569
0.99772
0.98285
0.98035
0.99689
0.99352
0.88964
0.99524
0.99018
0.99778
0.99723
0.98771
0.8721
0.97945
0.99722
0.99103
0.98906
0.98762
0.98703
0.99505
0.9858
0.97039
0.99828
0.99379
0.99378
0.9974
0.96271
0.99232
0.96401
0.99374
0.99807
0.98606
0.98144
0.99606
0.98137
0.9657
0.92736
0.99249
0.90963
0.9592
0.99552
0.99384
0.99494
0.9976
0.99577
0.99273
0.99853
0.98481
0.99898
0.99976
0.99644
0.99488
0.99644
0.99211
0.96966
0.97332
0.99189
0.9954
0.99904
0.99978
0.92242
0.90246
0.96415
0.98093
0.9968
0.98762
0.98747
0.99206
0.98088
0.99086
0.9991
0.99595
0.9816
0.96909
0.92576
0.97946
0.92307
0.93855
0.9998
0.97921
0.97868
0.99159
0.98658
0.97751
0.99728
0.90342
0.94956
0.99953
0.99828
0.9952
0.99701
0.99713
0.99715
0.98063
0.99181
0.99941
0.99816
0.9972
0.99859
0.99335
0.98974
0.99737
0.99716
0.99662
0.99712
0.99206
0.98559
0.96374
0.97692
0.98972
0.91514
0.98625
0.9887
0.99272
0.98006
0.97687
0.97645
0.98256
0.98744
0.99422
0.99761
0.98992
0.99425
0.99308
0.90187
0.88819
0.99799
0.99567
0.99728
0.99519
0.98743
0.99891
0.99901
0.42323
0.9986
0.99172
0.99589
0.99836
0.99293
0.76215
0.97605
0.98395
0.99481
0.99899
0.99771
0.99612
0.99893
0.99939
0.9994
0.98495
0.9938
0.98191
0.99884
0.99641
0.99249
0.98202
0.99192
0.9914
0.98827
0.99548
0.9735
0.99633
0.99442
0.95651
0.98801
0.97535
0.99954
0.99954
0.99855
0.99788
0.99843
0.9971
0.9939
0.9993
0.99862
0.94327
0.98793
0.99843
0.99275
0.9997
0.99946
0.9971
0.99931
0.99738
0.99249
0.9876
0.9926
0.9167
0.95913
0.95342
0.99575
0.96613
0.9229
0.99428
0.99845
0.9986
0.9962
0.98562
0.99722
0.95318
0.96858
0.85687
0.99893
0.98622
0.99748
0.99717
0.63815
0.99329
0.99535
0.99234
0.99045
0.99213
0.98496
0.88797
0.82565
0.99704
0.98889
0.94054
0.99948
0.99767
0.98082
0.68783
0.79983
0.94194
0.96256
0.98191
0.98576
0.98027
0.99836
0.98026
0.99788
0.99578
0.98861
0.99767
0.97725
0.98893
0.98642
0.96033
0.98872
0.99729
0.99939
0.98734
0.99717
0.99216
0.99014
0.97306
0.94923
0.98667
0.98453
0.98552
0.99852
0.97738
0.98766
0.99049
0.9931
0.99592
0.99513
0.99914
0.99368
0.99716
0.98933
0.99078
0.98479
0.99139
0.99887
0.97082
0.98888
0.99768
0.98971
0.9305
0.96552
0.96669
0.98941
0.99542
0.98872
0.99089
0.99041
0.99588
0.97895
0.98115
0.98502
0.99542
0.99182
0.99479
0.99517
0.99348
0.99897
0.99855
0.86301
0.99706
0.99894
0.9996
0.974
0.9992
0.99533
0.97502
0.99616
0.99961
0.99879
0.93715
0.9978
0.98168
0.99453
0.99171
0.99551
0.98815
0.98147
0.97898
0.92969
0.99777
0.99962
0.99284
0.99757
0.99516
0.99941
0.99703
0.99941
0.99909
0.9975
0.9989
0.9991
0.99901
0.99311
0.99801
0.9115
0.94306
0.99572
0.89221
0.9957
0.97692
0.94393
0.99375
0.98161
0.99679
0.99218
0.99935
0.98642
0.99621
0.99928
0.99951
0.9988
0.99961
0.98776
0.98005
0.99164
0.99096
0.99577
0.99826
0.99947
0.85876
0.99855
0.99956
0.97235
0.95449
0.98744
0.80468
0.99835
0.96901
0.9531
0.92158
0.94669
0.8967
0.8989
0.76778
0.98495
0.9347
0.99042
0.8758
0.87939
0.91167
0.98902
0.96034
0.9836
0.9947
0.99013
0.99233
0.99735
0.99602
0.96359
0.98399
0.99215
0.96607
0.99628
0.99297
0.99949
0.96165
0.99684
0.99517
0.97038
0.9629
0.88112
0.9953
0.9876
0.99657
0.99284
0.99319
