0.99384
0.99707
0.98072
0.99808
0.97316
0.943
0.95779
0.99149
0.98332
0.97996
0.99596
0.97501
0.97473
0.9993
0.99932
0.99318
0.99751
0.99726
0.99504
0.99924
0.99911
0.999
0.99562
0.86931
0.99679
0.95465
0.97882
0.0865
0.98233
0.9763
0.83297
0.97336
0.97041
0.90745
0.95503
0.91818
0.86572
0.97486
0.96748
0.99073
0.97748
0.90325
0.79396
0.78716
0.99878
0.99355
0.99567
0.99891
0.99429
0.99755
0.99271
0.99283
0.98722
0.99171
0.99544
0.99692
0.9995
0.685
0.99035
0.99908
0.96187
0.99385
0.92316
0.97862
0.8919
0.95352
0.99215
0.97706
0.99113
0.98704
0.97332
0.82147
0.99931
0.85608
0.98592
0.99221
0.98772
0.79472
0.89821
0.95404
0.87324
0.94332
0.62267
0.79617
0.79316
0.57592
0.9446
0.65208
0.89322
0.94292
0.76902
0.9478
0.86042
0.87637
0.91837
0.91862
0.68353
0.99811
0.99879
0.99891
0.99871
0.99901
0.94845
0.87266
0.7717
0.96725
0.94659
0.99458
0.92806
0.98143
0.95714
0.9912
0.97793
0.91643
0.97487
0.98806
0.99804
0.99158
0.99941
0.77089
0.9865
0.96723
0.97371
0.99762
0.9865
0.9982
0.9962
0.99149
0.99254
0.98713
0.98639
0.99461
0.98775
0.99632
0.98573
0.99769
0.97842
0.99824
0.99234
0.99203
0.94968
0.9941
0.98994
0.99814
0.99034
0.97044
0.95382
0.97479
0.99466
0.99831
0.95463
0.99081
0.99539
0.96419
0.96683
0.92105
0.99087
0.96909
0.99926
0.99624
0.99904
0.91334
0.99889
0.99507
0.47791
0.98559
0.99402
0.98644
0.98238
0.99985
0.99972
0.99836
0.99583
0.9939
0.99853
0.99806
0.99802
0.96413
0.93617
0.99808
0.99762
0.92212
0.75082
0.99794
0.93843
0.99664
0.99728
0.98166
0.9956
0.98566
0.96
0.97019
0.97319
0.97937
0.9963
0.98506
0.99524
0.93904
0.98262
0.98337
0.99851
0.99138
0.99223
0.97582
0.99443
0.96321
0.98821
0.99592
0.97793
0.99203
0.9927
0.99515
0.99324
0.99714
0.99281
0.99806
0.99824
0.99964
0.99529
0.99342
0.99344
0.99429
0.89229
0.97086
0.99891
0.99945
0.96336
0.84204
0.99834
0.99207
0.99701
0.9672
0.99831
0.99576
0.99377
0.88325
0.40425
0.98281
0.99431
0.99007
0.99542
0.99467
0.97992
0.98264
0.9775
0.97566
0.96078
0.99335
0.99846
0.99409
0.98308
0.96926
0.9886
0.96933
0.97613
0.99177
0.99867
0.99646
0.99811
0.99921
0.99794
0.99782
0.9781
0.96779
0.90156
0.98162
0.97543
0.99843
0.9987
0.99255
0.98141
0.999
0.99946
0.90918
0.92436
0.97565
0.99646
0.77667
0.86221
0.97503
0.993
0.87747
0.90599
0.97979
0.99649
0.908
0.99573
0.98706
0.97912
0.99558
0.97657
0.98689
0.99806
0.9787
0.99957
0.99535
0.96714
0.97463
0.9706
0.96982
0.95329
0.99746
0.96829
0.99676
0.99759
0.98031
0.99276
0.99108
0.99649
0.97385
0.98081
0.98528
0.99475
0.9968
0.96752
0.99907
0.9835
0.99781
0.9999
0.98531
0.97417
0.9242
0.99694
0.96922
0.96055
0.81409
0.9823
0.99023
0.99644
0.97946
0.9974
0.99005
0.99966
0.99874
0.99726
0.99939
0.99966
0.93511
0.99742
0.99679
0.99939
0.9997
0.99943
0.9975
0.99929
0.99955
0.99972
0.99891
0.97306
0.80967
0.99639
0.99881
0.99872
0.99271
0.99848
0.99822
0.99435
0.92241
0.99863
0.99926
0.99743
0.99886
0.9983
0.99797
0.99874
0.99895
0.98854
0.99723
0.96645
0.93056
0.99413
0.9873
0.98859
0.99529
0.9985
0.99702
0.99923
0.99526
0.99939
0.98868
0.99091
0.90687
0.99388
0.98905
0.99676
0.99725
0.98293
0.99732
0.99898
0.99842
0.99928
0.99509
0.99929
0.99415
0.9975
0.96977
0.93861
0.9889
0.84563
0.9902
0.98077
0.99549
0.9886
0.97646
0.99771
0.99162
0.9971
0.99354
0.99781
0.98639
0.99729
0.9942
0.84194
0.99776
0.99916
0.98867
0.94516
0.99415
0.98451
0.99917
0.99911
0.97838
0.99686
0.98655
0.99903
0.98504
0.99668
0.99652
0.95589
0.99126
0.99924
0.99406
0.99735
0.99128
0.99559
0.98721
0.99535
0.98374
0.93866
0.99176
0.96265
0.93742
0.97332
0.94012
0.97344
0.97626
0.97948
0.9731
0.99678
0.99946
0.96329
0.96636
0.98995
0.98568
0.9808
0.99109
0.98738
0.97893
0.98863
0.86468
0.97967
0.99245
0.91564
0.97964
0.99801
0.97325
0.89869
0.9664
0.79991
0.99811
0.99927
0.74245
0.92668
0.9201
0.98876
0.99756
0.99922
0.99587
0.99645
0.97994
0.99717
0.99637
0.99656
0.99935
0.99785
0.99755
0.99652
0.98939
0.99721
0.99946
0.99425
0.99923
0.99556
0.99954
0.9982
0.99381
0.96723
0.98911
0.83625
0.84622
0.99549
0.99359
0.97081
0.88974
0.99912
0.99787
0.9753
0.99093
0.96848
0.99372
0.99223
0.99897
0.96707
0.99919
0.99842
0.99815
0.99871
0.99935
0.99863
0.95018
0.9991
0.99495
0.99907
0.99945
0.96303
0.999
0.97805
0.99791
0.99104
0.96191
0.99676
0.99341
0.99811
0.99566
0.97251
0.92258
0.99342
0.99977
0.98869
0.97659
0.99592
0.99836
0.98854
0.99906
0.99726
0.9429
0.99093
0.99129
0.99751
0.98589
0.97322
0.94474
0.99925
0.99803
0.98892
0.99193
0.97595
0.99817
0.99147
0.95727
0.9985
0.95843
0.99819
0.99233
0.9923
0.99807
0.99762
0.99889
0.94334
0.99017
0.98923
0.99366
0.9812
0.99566
0.9635
0.93056
0.89663
0.99543
0.97568
0.99024
0.97289
0.93475
0.99894
0.99602
0.99795
0.99314
0.9923
0.99691
0.99406
0.98965
0.97276
0.90488
0.99037
0.98615
0.99579
0.9934
0.98576
0.98978
0.96939
0.99812
0.95841
0.9734
0.79468
0.87413
0.97172
0.99984
0.98423
0.99332
0.99556
0.99159
0.99297
0.99311
0.65921
0.98712
0.99689
0.93428
0.99765
0.96302
0.99769
0.99684
0.99972
0.99902
0.99825
0.99822
0.9992
0.99559
0.99938
0.99647
0.99514
0.96891
0.99672
0.98665
0.82824
0.99489
0.99306
0.93246
0.75923
0.99779
0.99986
0.99553
0.99391
0.99579
0.9772
0.99414
0.99537
0.99645
0.99974
0.99923
0.99774
0.99902
0.99918
0.99936
0.99884
0.99833
0.99751
0.99973
0.992
0.99734
0.99915
0.99909
0.96825
0.83636
0.96537
0.97779
0.9007
0.91314
0.95621
0.67455
0.82643
0.95241
0.94663
0.77801
0.75893
0.96339
0.95557
0.99538
0.90733
0.89615
0.97044
0.94685
0.90688
0.95941
0.95377
0.99603
0.90446
0.8861
0.9564
0.73319
0.95864
0.93103
0.98971
0.98809
0.99912
0.99958
0.56435
0.97547
0.99629
0.79583
0.96654
0.98402
0.99675
0.90033
0.85673
0.96408
0.99827
0.99
0.83118
0.99859
0.95162
0.99687
0.98098
0.9984
0.99724
0.99576
0.99736
0.95992
0.93004
0.90575
0.99226
0.99986
0.98382
0.98837
0.97235
0.93838
0.88216
0.99897
0.95127
0.96129
0.95262
0.9839
0.96826
0.99305
0.99177
0.99504
0.99725
0.99941
0.99828
0.99776
0.99987
0.99929
0.87984
0.99346
0.97017
0.98508
0.87214
0.49952
0.99458
0.99868
0.96676
0.98011
0.97021
0.98719
0.99843
0.97699
0.99699
0.99276
0.99464
0.99232
0.99494
0.99303
0.97137
0.99066
0.98646
0.99519
0.99144
0.88941
0.99882
0.98684
0.95594
0.98877
0.99085
0.998
0.97927
0.98164
0.94776
0.91927
0.9945
0.8662
0.99232
0.99353
0.97971
0.98684
0.98115
0.9557
0.9928
0.98973
0.99166
0.99344
0.98478
0.97293
0.98604
0.99908
0.52845
0.98394
0.77797
0.91749
0.99386
0.99177
0.98517
0.99756
0.99429
0.99268
0.93118
0.96094
0.99623
0.99391
0.93748
0.99801
0.97576
0.99837
0.99982
0.98833
0.9943
0.94904
0.96936
0.99359
0.99714
0.99099
0.9819
0.99547
0.99727
0.98444
0.98022
0.98859
0.99835
0.98431
0.69645
0.88255
0.98906
0.99531
0.99731
0.9957
0.99724
0.98272
0.90847
0.99586
0.99913
0.99705
0.99756
0.99078
0.99534
