0.98122
0.9671
0.95273
0.98123
0.9731
0.98737
0.98895
0.94486
0.99186
0.93109
0.99549
0.97678
0.93657
0.97675
0.86737
0.99797
0.99371
0.97634
0.98516
0.97029
0.97854
0.99708
0.99812
0.99291
0.9877
0.99781
0.99859
0.94502
0.98813
0.99782
0.99366
0.99724
0.9711
0.95643
0.99845
0.99728
0.99417
0.96162
0.99818
0.99385
0.99543
0.99656
0.99612
0.99523
0.996
0.99901
0.99468
0.99326
0.99803
0.99861
0.98796
0.9881
0.99057
0.99904
0.996
0.99663
0.99352
0.99667
0.99275
0.99686
0.99697
0.99729
0.99526
0.99822
0.9993
0.9957
0.99318
0.99496
0.99567
0.99404
0.99831
0.99729
0.99816
0.98988
0.99336
0.987
0.99357
0.98867
0.99617
0.99575
0.99619
0.99747
0.9737
0.98473
0.95394
0.99259
0.98971
0.99599
0.99939
0.99549
0.98783
0.99798
0.98049
0.99655
0.98383
0.99815
0.98846
0.99879
0.99399
0.9943
0.99828
0.99633
0.9979
0.87324
0.99844
0.99797
0.99255
0.99745
0.98953
0.98114
0.99015
0.99241
0.9647
0.97857
0.99711
0.99522
0.95186
0.9964
0.99379
0.98679
0.98661
0.99668
0.98279
0.98939
0.99697
0.99665
0.99144
0.99525
0.96524
0.99878
0.99649
0.99473
0.99364
0.9906
0.99918
0.9964
0.98838
0.99572
0.98922
0.9946
0.99717
0.98297
0.99709
0.98605
0.98861
0.98852
0.99638
0.99535
0.98437
0.98932
0.98622
0.98885
0.99776
0.98286
0.98874
0.984
0.99595
0.98742
0.98864
0.99001
0.99587
0.9929
0.94656
0.99717
0.99563
0.99035
0.99611
0.99568
0.98764
0.98706
0.98212
0.99404
0.99498
0.98339
0.99281
0.98397
0.99713
0.99615
0.98029
0.99472
0.98037
0.98831
0.99566
0.98661
0.98825
0.99267
0.99981
0.99732
0.99588
0.99546
0.99747
0.99315
0.98804
0.98993
0.99525
0.99681
0.99734
0.97357
0.89057
0.89486
0.98831
0.99911
0.99201
0.98478
0.99477
0.81999
0.99922
0.99464
0.99946
0.99815
0.99939
0.99867
0.99834
0.99849
0.99754
0.99276
0.57414
0.98795
0.98674
0.98735
0.9885
0.99622
0.93158
0.99504
0.98164
0.98862
0.99825
0.88213
0.99036
0.99627
0.99367
0.98009
0.99784
0.99854
0.99677
0.98973
0.95656
0.99437
0.99661
0.95906
0.97741
0.97525
0.99394
0.94828
0.99683
0.99724
0.91149
0.99591
0.9929
0.99702
0.98772
0.99459
0.9968
0.99545
0.99775
0.9713
0.98819
0.9938
0.97533
0.97398
0.94109
0.96912
0.98519
0.99718
0.99536
0.99777
0.9925
0.9974
0.99962
0.97332
0.99933
0.95236
0.98668
0.99613
0.61175
0.98749
0.87168
0.95887
0.99615
0.99377
0.97361
0.99563
0.97313
0.99181
0.97802
0.96738
0.99058
0.96677
0.98505
0.96056
0.98124
0.99673
0.94449
0.92521
0.99325
0.86401
0.95259
0.99334
0.91073
0.99921
0.9964
0.98609
0.99102
0.99882
0.99864
0.9983
0.99785
0.99919
0.9976
0.99768
0.99948
0.99929
0.99818
0.99814
0.99888
0.99342
0.99113
0.99917
0.99889
0.99624
0.9985
0.99264
0.98496
0.99938
0.98782
0.99805
0.99766
0.98658
0.99817
0.9918
0.98364
0.99602
0.99824
0.98158
0.9919
0.99001
0.98133
0.95011
0.99661
0.99913
0.96151
0.97147
0.99953
0.99988
0.93007
0.9986
0.96354
0.96023
0.97984
0.97686
0.97471
0.99599
0.99817
0.98151
0.73122
0.97313
0.77597
0.97756
0.55135
0.99841
0.9962
0.97418
0.87846
0.99858
0.90403
0.99282
0.9615
0.97993
0.94853
0.79592
0.97869
0.99704
0.99464
0.97804
0.99848
0.9959
0.41455
0.08402
0.99078
0.99414
0.99819
0.9995
0.99886
0.90279
0.92121
0.96859
0.99833
0.99009
0.99907
0.99694
0.99473
0.99939
0.99801
0.99925
0.99882
0.99855
0.91016
0.99218
0.98792
0.99773
0.9983
0.96829
0.99441
0.99722
0.95416
0.96595
0.98585
0.98638
0.99829
0.94193
0.98432
0.9827
0.98876
0.99157
0.96278
0.9848
0.99725
0.99898
0.88879
0.98877
0.99912
0.93237
0.94304
0.97501
0.98516
0.98484
0.99818
0.97755
0.98235
0.99896
0.93094
0.99953
0.99799
0.99496
0.93364
0.98164
0.95408
0.99573
0.98909
0.99389
0.99017
0.99114
0.98524
0.99464
0.99211
0.98318
0.94784
0.88206
0.9908
0.95327
0.85688
0.98844
0.98601
0.93724
0.86926
0.99945
0.9898
0.97939
0.97472
0.96596
0.88092
0.89137
0.83266
0.66667
0.97688
0.98796
0.98526
0.99157
0.99937
0.99618
0.99731
0.99859
0.99333
0.99931
0.9996
0.99765
0.99601
0.9987
0.99931
0.94499
0.99372
0.99654
0.99528
0.95505
0.99005
0.98447
0.96581
0.90541
0.98568
0.98722
0.99811
0.85478
0.99643
0.99776
0.99799
0.93023
0.99729
0.99437
0.99786
0.99896
0.99797
0.99155
0.99601
0.99291
0.99762
0.99131
0.99479
0.98098
0.99144
0.99398
0.99941
0.99308
0.9935
0.99468
0.99012
0.99704
0.98296
0.95869
0.9923
0.94384
0.99869
0.9979
0.99841
0.99358
0.95922
0.97319
0.92327
0.97563
0.98455
0.99245
0.99767
0.99086
0.98712
0.99808
0.99388
0.99905
0.99855
0.99409
0.99793
0.95905
0.82668
0.90763
0.94267
0.9959
0.96957
0.99366
0.9702
0.92241
0.90041
0.77675
0.90742
0.99467
0.68651
0.78907
0.995
0.99556
0.95712
0.85965
0.98741
0.87709
0.95475
0.98615
0.9996
0.99918
0.99742
0.99725
0.96847
0.99567
0.99803
0.99893
0.98526
0.99055
0.98939
0.99872
0.98832
0.96946
0.9994
0.98007
0.99545
0.98673
0.95959
0.99946
0.95367
0.99565
0.9368
0.99945
0.99549
0.99854
0.9972
0.99733
0.99924
0.99784
0.99952
0.99891
0.97562
0.98382
0.9982
0.99928
0.9849
0.98849
0.99724
0.99722
0.99501
0.98764
0.99933
0.98497
0.99795
0.97453
0.99863
0.99787
0.999
0.99868
0.98691
0.99577
0.99862
0.98849
0.97514
0.98917
0.97528
0.97278
0.99791
0.99064
0.96418
0.9942
0.98517
0.98647
0.99656
0.96112
0.97974
0.99707
0.99873
0.97281
0.99791
0.99326
0.9936
0.98078
0.99647
0.96668
0.99714
0.99762
0.99956
0.99842
0.93557
0.99918
0.93165
0.99913
0.9964
0.98834
0.99844
0.9965
0.81205
0.80004
0.99021
0.99686
0.97094
0.91893
0.8831
0.96787
0.85493
0.51195
0.99173
0.96844
0.9666
0.93201
0.94641
0.99237
0.95619
0.90425
0.75932
0.99584
0.86062
0.99439
0.99804
0.99815
0.9912
0.99914
0.98651
0.99052
0.99871
0.99578
0.96372
0.97545
0.99159
0.81514
0.80041
0.99842
0.99945
0.90549
0.95357
0.99439
0.998
0.98471
0.99828
0.99892
0.99665
0.90783
0.99946
0.99893
0.9835
0.96519
0.98519
0.99868
0.99764
0.93142
0.98696
0.99548
0.992
0.99771
0.85158
0.99988
0.99298
0.99834
0.99057
0.9987
0.99107
0.99588
0.99772
0.92885
0.99447
0.96734
0.99362
0.99831
0.99399
0.99232
0.99732
0.99511
0.98849
0.98934
0.99594
0.99678
0.99598
0.99836
0.99776
0.98182
0.99814
0.95105
0.96275
0.99269
0.99101
0.97601
0.99047
0.9801
0.99556
0.99125
0.9915
0.92959
0.99794
0.99552
0.9884
0.99634
0.98196
0.99491
0.99605
0.98018
0.99992
0.99927
0.99864
0.99707
0.99867
0.92402
0.85619
0.99435
0.96796
0.99711
0.99768
0.99873
0.99842
0.98996
0.98999
0.995
0.99117
0.9991
0.99719
0.99962
0.99981
0.99982
0.9999
0.99981
0.99978
0.99978
0.99987
0.99957
0.99981
0.9995
0.99958
0.99836
0.99953
0.9998
0.99984
0.99991
0.99978
0.99989
0.99985
0.99938
0.99982
0.99959
0.99982
0.9999
0.99974
0.9992
0.9998
0.99935
0.99986
0.9998
0.99852
0.99785
0.98619
0.9841
0.99655
0.94461
0.99845
0.99187
0.98712
0.99307
0.99295
0.99805
0.99975
0.92547
0.98598
0.9992
0.99503
0.99814
0.99844
0.99873
0.99042
0.99527
0.998
0.99663
0.9991
0.99969
0.99718
0.90257
0.99832
0.97933
0.93649
0.98824
0.73664
0.11008
0.99957
0.99914
0.9924
0.99935
0.99908
0.99415
0.88173
0.9647
0.99643
0.99598
0.99947
0.99741
0.83063
0.99743
0.23246
0.9767
0.96766
0.46537
0.99854
0.9823
0.99757
0.97344
0.9619
0.99583
0.98255
0.99831
0.99003
0.94801
0.97797
0.99896
0.94531
0.99035
0.99607
0.99403
0.9823
0.96053
0.9976
0.99388
0.99878
0.99364
0.99572
0.99886
0.98516
0.95022
0.87567
0.99679
0.99612
0.99966
0.99323
0.99944
0.99204
0.99385
0.9978
0.99863
0.99899
0.99881
0.9927
0.99934
0.99382
0.99829
0.99818
0.99882
0.99731
0.99851
0.99963
0.9941
0.99614
0.99631
0.9979
0.99422
0.99377
0.9993
0.99617
0.99579
0.9998
0.99894
0.99516
0.99229
0.99845
0.99964
0.99823
0.99152
0.99908
0.99668
0.99392
0.998
0.99762
0.98651
0.99443
0.99691
0.99893
0.99332
0.99513
0.99475
0.99524
0.99949
0.99867
0.99787
0.99202
0.99965
0.99825
0.9983
0.99729
0.99339
0.99856
0.89497
0.99896
0.99297
0.99385
0.97667
0.99907
0.99796
0.99879
0.9896
0.9995
0.99779
0.98638
0.99468
0.99798
0.99518
0.99736
0.99953
0.99842
0.98588
0.99836
0.99872
0.99249
0.9981
0.99834
0.99858
0.99885
0.99625
0.99725
0.99942
0.99848
0.99927
0.99828
0.96075
0.99805
0.99585
0.99267
0.99794
0.99554
0.99825
0.98357
0.99809
0.99775
0.99907
0.99665
0.99723
0.98606
0.81289
0.73119
0.68045
0.97773
0.9967
0.96452
0.99392
0.99443
0.99479
0.97029
0.98683
0.9791
0.9989
0.99626
0.97945
0.99794
0.98931
0.99648
0.99905
0.99466
0.99686
0.97039
0.99156
0.94352
0.96222
0.97895
0.98332
0.75453
0.97489
0.99051
0.97609
0.99354
0.92398
0.99146
0.98906
0.99268
0.99994
0.99381
0.97877
0.97686
0.99492
0.9665
0.91106
0.9844
0.99326
0.98214
0.97581
0.98059
0.98862
0.9914
0.88233
0.96841
0.9359
0.94029
0.9723
0.99936
