0.99899
0.99927
0.97129
0.93225
0.9765
0.99911
0.99752
0.9968
0.99546
0.99408
0.97183
0.99472
0.98443
0.98694
0.99601
0.83614
0.92445
0.98713
0.94757
0.97878
0.96275
0.98698
0.97357
0.92067
0.99608
0.98397
0.96362
0.97308
0.99163
0.94922
0.99754
0.9488
0.99446
0.99685
0.99695
0.96222
0.99266
0.99428
0.97347
0.99353
0.99779
0.99837
0.99269
0.99819
0.98024
0.99088
0.95815
0.99549
0.99763
0.9981
0.99322
0.99727
0.98508
0.99679
0.99181
0.94508
0.99178
0.99092
0.96259
0.94379
0.99055
0.93843
0.9805
0.91471
0.92218
0.96928
0.99767
0.98934
0.99803
0.92414
0.99475
0.98063
0.99574
0.99919
0.997
0.99742
0.96871
0.95084
0.99324
0.9957
0.99848
0.99638
0.99625
0.999
0.99958
0.99958
0.99978
0.99957
0.99847
0.99927
0.99926
0.99769
0.67024
0.99104
0.80164
0.85557
0.8679
0.87155
0.87138
0.99605
0.97618
0.9897
0.98837
0.99677
0.96287
0.99857
0.9998
0.99275
0.98982
0.99759
0.9991
0.99955
0.96087
0.97616
0.99011
0.99234
0.94175
0.99977
0.99237
0.99656
0.99647
0.97395
0.83241
0.93439
0.84656
0.90334
0.99075
0.99438
0.99145
0.99902
0.98929
0.99824
0.99827
0.97464
0.98871
0.99949
0.99928
0.99985
0.99611
0.99614
0.82762
0.49929
0.95428
0.94157
0.96456
0.98114
0.74446
0.69471
0.91659
0.98641
0.77956
0.77832
0.95832
0.76106
0.99745
0.99601
0.99796
0.99277
0.99918
0.99829
0.99545
0.99842
0.98771
0.97618
0.96887
0.9898
0.9933
0.99419
0.96685
0.96924
0.98455
0.83172
0.96469
0.96716
0.98965
0.93562
0.97255
0.8739
0.97752
0.98436
0.99139
0.99394
0.97174
0.91107
0.98203
0.94865
0.94586
0.9911
0.99658
0.87452
0.96235
0.98888
0.97907
0.98759
0.82256
0.96357
0.99614
0.98574
0.99868
0.95064
0.84454
0.98524
0.99618
0.99454
0.9922
0.96377
0.99083
0.99875
0.98023
0.98753
0.99904
0.99859
0.99384
0.99256
0.99775
0.97884
0.99468
0.99828
0.98189
0.99208
0.9896
0.98724
0.99847
0.99623
0.998
0.99762
0.99794
0.99905
0.99967
0.99795
0.99718
0.97541
0.99317
0.99532
0.96646
0.99182
0.98383
0.9986
0.99314
0.99937
0.99513
0.98865
0.99672
0.98033
0.99665
0.99505
0.99119
0.99565
0.97448
0.99275
0.99657
0.98914
0.99718
0.99706
0.9979
0.9995
0.99827
0.97836
0.998
0.8278
0.99052
0.97557
0.99376
0.99544
0.99576
0.99245
0.98974
0.99814
0.99496
0.99193
0.99731
0.99769
0.99889
0.99874
0.99437
0.99074
0.99303
0.99652
0.99735
0.98898
0.99863
0.99578
0.99759
0.98767
0.99911
0.99926
0.99855
0.96609
0.98065
0.99306
0.98427
0.99243
0.98799
0.99353
0.98812
0.99647
0.99683
0.99421
0.93144
0.99688
0.79121
0.97367
0.99694
0.99637
0.99721
0.99814
0.9499
0.99755
0.99735
0.99909
0.99768
0.98176
0.99781
0.99805
0.99689
0.99344
0.97406
0.99936
0.99892
0.99928
0.99079
0.9896
0.99837
0.96311
0.9709
0.88257
0.99709
0.98914
0.99186
0.98064
0.96905
0.95863
0.99424
0.99254
0.51281
0.98485
0.99734
0.99833
0.99867
0.99879
0.99792
0.99778
0.99342
0.99953
0.99955
0.99941
0.99062
0.93374
0.99286
0.99762
0.98101
0.99722
0.99507
0.99813
0.98864
0.99749
0.96899
0.98426
0.99363
0.99969
0.97689
0.99701
0.99976
0.93966
0.9994
0.99466
0.96039
0.97471
0.97884
0.99149
0.99329
0.99417
0.99277
0.99731
0.99848
0.99702
0.99866
0.99358
0.99938
0.99801
0.99959
0.99905
0.9988
0.99487
0.98385
0.98566
0.99517
0.99961
0.99981
0.99984
0.94839
0.9965
0.99716
0.9739
0.93659
0.98761
0.98905
0.99707
0.96225
0.99628
0.99703
0.99162
0.99429
0.99668
0.98322
0.99722
0.99827
0.96802
0.9962
0.99155
0.95265
0.9935
0.9633
0.96011
0.91889
0.99276
0.94791
0.96015
0.99973
0.99855
0.63932
0.96647
0.99159
0.98984
0.99786
0.99831
0.99587
0.96875
0.99637
0.9952
0.99603
0.99587
0.998
0.9948
0.99568
0.99896
0.99812
0.98953
0.9955
0.99965
0.99491
0.99919
0.98051
0.9996
0.99888
0.97489
0.98356
0.98607
0.98919
0.99486
0.96951
0.99784
0.9941
0.99768
0.94335
0.99561
0.99091
0.99409
0.99325
0.97349
0.99263
0.99631
0.99255
0.99764
0.99621
0.9971
0.99709
0.9998
0.99732
0.99821
0.98142
0.9917
0.95727
0.99714
0.99034
0.8685
0.90679
0.92446
0.98161
0.97775
0.99854
0.9896
0.99907
0.99765
0.99717
0.98443
0.96734
0.94624
0.97555
0.9939
0.97181
0.99644
0.94639
0.98407
0.79417
0.95294
0.96856
0.99688
0.99797
0.96464
0.99954
0.94779
0.99023
0.78916
0.99381
0.99441
0.99958
0.98722
0.99787
0.72004
0.99476
0.99504
0.51771
0.8984
0.85908
0.62112
0.34839
0.61981
0.90122
0.99987
0.9965
0.99895
0.99844
0.99773
0.99593
0.99888
0.9973
0.99758
0.99935
0.98198
0.99616
0.99726
0.99695
0.99288
0.99982
0.98467
0.99005
0.996
0.99677
0.96578
0.99884
0.99502
0.99696
0.99695
0.85062
0.99302
0.9901
0.98812
0.99722
0.9509
0.94667
0.88833
0.97047
0.56881
0.84302
0.8172
0.8855
0.98755
0.99637
0.9324
0.99039
0.9909
0.99445
0.98542
0.91711
0.98111
0.97774
0.97656
0.98402
0.9927
0.9592
0.99073
0.98702
0.97195
0.99636
0.99527
0.97381
0.99629
0.9984
0.99784
0.99685
0.99632
0.99454
0.98794
0.99374
0.99822
0.99818
0.99833
0.99496
0.99837
0.9973
0.99785
0.99373
0.96793
0.9989
0.99907
0.99863
0.99932
0.99751
0.99956
0.99829
0.99941
0.9993
0.9947
0.99844
0.96659
0.99912
0.99687
0.99454
0.99513
0.99281
0.99894
0.99971
0.99578
0.99801
0.99946
0.98854
0.99901
0.9981
0.99847
0.99553
0.99504
0.98826
0.99254
0.99823
0.9956
0.99837
0.9993
0.99529
0.98247
0.99331
0.98055
0.99509
0.99401
0.9978
0.99822
0.93809
0.99939
0.99837
0.99959
0.9995
0.99925
0.9975
0.96246
0.99596
0.98737
0.99606
0.98878
0.99219
0.98781
0.99861
0.99832
0.99775
0.99207
0.99708
0.99968
0.99667
0.99554
0.99652
0.99677
0.99553
0.99912
0.99895
0.99511
0.9989
0.99704
0.99921
0.9957
0.99795
0.99795
0.99583
0.99336
0.99077
0.99446
0.9562
0.99715
0.99543
0.99391
0.9989
0.9952
0.99886
0.99842
0.99506
0.99937
0.99854
0.94632
0.999
0.99894
0.98881
0.9769
0.99633
0.97792
0.99951
0.99096
0.99828
0.99551
0.97032
0.96374
0.99467
0.93706
0.89662
0.93506
0.93919
0.98507
0.98452
0.92675
0.86425
0.84464
0.99433
0.99654
0.9425
0.98618
0.97864
0.99714
0.9478
0.94572
0.98075
0.93379
0.97938
0.76485
0.99816
0.99855
0.99791
0.99551
0.99913
0.9994
0.99134
0.97832
0.99715
0.9418
0.98807
0.9966
0.99784
0.98897
0.94495
0.99784
0.98313
0.98916
0.99653
0.99696
0.99858
0.99728
0.97102
0.97938
0.96258
0.99882
0.97718
0.9929
0.96712
0.96539
0.99259
0.99749
0.99791
0.99773
0.96584
0.98747
0.85638
0.99769
0.96894
0.98281
0.96889
0.98044
0.8838
0.94755
0.98322
0.99186
0.98713
0.81308
0.99233
0.95207
0.98073
0.96172
0.98038
0.95565
0.99711
0.83053
0.93796
0.99732
0.99315
0.97934
0.99616
0.99687
0.99797
0.99059
0.9991
0.99427
0.99858
0.99519
0.99547
0.99509
0.9951
0.98575
0.99931
0.66891
0.97594
0.99641
0.97653
0.97698
0.96053
0.82921
0.99645
0.9967
0.99476
0.98833
0.99439
0.54072
0.52749
0.55361
0.96511
0.99668
0.95585
0.99632
0.96385
0.99754
0.9687
0.99375
0.99912
0.99991
0.96936
0.98163
0.96464
0.99256
0.99828
0.99286
0.99829
0.83032
0.99242
0.9993
0.99536
0.96238
0.82981
0.97761
0.75698
0.87582
0.88446
0.82237
0.92266
0.89893
0.86293
0.92426
0.89171
0.98178
0.83263
0.64023
0.81262
0.92741
0.93632
0.94887
0.86905
0.99922
0.99272
0.99855
0.99328
0.99919
0.99963
0.99584
0.97431
0.93375
0.98037
0.97355
0.97546
0.97411
0.97293
0.93409
0.98178
0.99324
0.99872
0.99024
0.9853
0.99304
0.98339
0.99252
0.88658
0.95235
0.99142
0.9903
0.99143
0.99148
0.91307
0.97081
0.97298
0.99219
0.99586
0.99371
0.98662
0.9581
0.99291
0.97958
0.92509
0.96847
0.98785
0.97037
0.97879
0.98403
0.99453
0.98468
0.95379
0.9948
0.99496
0.96956
0.9992
0.98043
0.99148
0.99781
0.99641
0.98088
0.98633
0.99817
0.85478
0.98031
0.99192
0.94911
0.70687
0.98754
0.9994
0.99712
0.99879
0.99896
0.99877
0.99907
0.93515
0.83003
0.96543
0.51482
0.19099
0.96541
0.97876
0.81195
0.76754
0.99588
0.99073
0.94637
0.99946
