0.99671
0.9944
0.9839
0.93998
0.9186
0.98684
0.98753
0.99188
0.98044
0.98023
0.99368
0.91583
0.99268
0.99703
0.99391
0.9747
0.95703
0.97606
0.98927
0.98123
0.99102
0.99252
0.96808
0.66515
0.99699
0.99884
0.9732
0.9952
0.99674
0.99185
0.995
0.99319
0.9816
0.99855
0.99627
0.99392
0.98799
0.99507
0.97008
0.99055
0.99199
0.9867
0.99712
0.99451
0.99833
0.99937
0.99619
0.98993
0.99836
0.94258
0.97588
0.98932
0.99646
0.98696
0.99786
0.99227
0.98184
0.9986
0.94138
0.9954
0.96388
0.98412
0.99151
0.98539
0.99209
0.98846
0.99415
0.92568
0.9974
0.99979
0.98357
0.96351
0.98961
0.99865
0.98907
0.99148
0.96974
0.99001
0.99783
0.99944
0.98612
0.99115
0.9216
0.99039
0.91392
0.99716
0.9891
0.98609
0.9743
0.98222
0.63579
0.89525
0.99026
0.98434
0.99059
0.98156
0.99
0.98668
0.91092
0.99423
0.99498
0.9915
0.99907
0.82669
0.99971
0.99915
0.99446
0.99934
0.99924
0.99627
0.73809
0.99941
0.98456
0.99763
0.99698
0.99895
0.99898
0.99587
0.99635
0.996
0.99356
0.99843
0.99795
0.98831
0.9982
0.99072
0.99265
0.96931
0.96053
0.9776
0.99855
0.99845
0.99967
0.9994
0.99638
0.99772
0.99939
0.9973
0.9993
0.99957
0.99913
0.99871
0.99511
0.9994
0.99902
0.99963
0.99513
0.9996
0.99915
0.99813
0.99912
0.99742
0.99981
0.99664
0.99444
0.99941
0.99733
0.99833
0.99713
0.99843
0.99894
0.70839
0.81085
0.94339
0.94006
0.75804
0.85216
0.95836
0.9941
0.99812
0.98817
0.99975
0.99931
0.99842
0.99262
0.99701
0.99597
0.98278
0.99954
0.99216
0.99813
0.98923
0.98473
0.99385
0.99863
0.96245
0.99377
0.97166
0.98032
0.99908
0.99665
0.99723
0.97084
0.98429
0.93297
0.99591
0.99837
0.99809
0.99786
0.99034
0.97722
0.99853
0.95359
0.98164
0.98356
0.97551
0.99805
0.98606
0.99006
0.99575
0.98629
0.99433
0.99233
0.99631
0.99034
0.96812
0.99815
0.98694
0.91754
0.96375
0.93344
0.99408
0.8935
0.98231
0.94115
0.99057
0.8168
0.99258
0.61533
0.99266
0.95634
0.97916
0.99908
0.99923
0.96677
0.93819
0.872
0.9466
0.81831
0.96401
0.48243
0.98064
0.92628
0.90448
0.99556
0.99576
0.97934
0.99024
0.9977
0.99864
0.98874
0.98063
0.91128
0.97822
0.98648
0.98657
0.98737
0.81339
0.99226
0.98976
0.99283
0.91662
0.93064
0.66876
0.99881
0.99935
0.99982
0.98986
0.98208
0.99018
0.99991
0.99561
0.99942
0.9895
0.99373
0.95614
0.84062
0.754
0.61848
0.61972
0.93909
0.43779
0.74849
0.99252
0.91045
0.92143
0.99198
0.99349
0.96383
0.98902
0.96925
0.98894
0.32063
0.99575
0.9957
0.60997
0.93211
0.9971
0.93235
0.9907
0.99611
0.95006
0.99207
0.94062
0.99004
0.89405
0.87332
0.93218
0.93271
0.89652
0.92861
0.95787
0.97735
0.86541
0.97902
0.81847
0.99667
0.9742
0.98663
0.98421
0.99347
0.97648
0.99976
0.99587
0.98286
0.99531
0.97754
0.97648
0.99465
0.99308
0.97403
0.97133
0.9831
0.96769
0.95315
0.99936
0.99891
0.97337
0.99424
0.90538
0.97333
0.98897
0.98642
0.83055
0.86805
0.914
0.99954
0.92698
0.99237
0.99546
0.99648
0.99518
0.98146
0.95059
0.97305
0.97904
0.95814
0.96445
0.96347
0.9993
0.98923
0.99784
0.98863
0.96685
0.96737
0.98215
0.96418
0.9919
0.89142
0.98051
0.98732
0.97705
0.9662
0.99719
0.9627
0.9995
0.99808
0.9389
0.99135
0.95102
0.9976
0.99773
0.99931
0.99096
0.99902
0.99948
0.99451
0.99878
0.98487
0.97349
0.99032
0.99908
0.99804
0.99823
0.99849
0.99583
0.9971
0.89939
0.99819
0.98597
0.99795
0.9985
0.99031
0.99852
0.99631
0.99915
0.99637
0.99927
0.99739
0.99871
0.99901
0.99946
0.99962
0.99935
0.99735
0.99329
0.99684
0.9961
0.99946
0.99067
0.99671
0.99877
0.99844
0.99136
0.99792
0.99358
0.99809
0.99909
0.99904
0.97496
0.99917
0.99938
0.95118
0.45747
0.81536
0.99125
0.94805
0.6145
0.59955
0.51665
0.64125
0.80718
0.7331
0.99523
0.87835
0.99765
0.99635
0.99474
0.99251
0.96597
0.9955
0.9576
0.97302
0.99854
0.99774
0.98545
0.58515
0.80661
0.99392
0.99498
0.96325
0.98783
0.9952
0.97642
0.99817
0.99951
0.99853
0.99898
0.99971
0.99245
0.99944
0.99828
0.99884
0.93556
0.99545
0.995
0.99597
0.99732
0.99763
0.99298
0.99775
0.98756
0.98748
0.96699
0.97077
0.99776
0.99669
0.9969
0.99861
0.99707
0.99937
0.99878
0.99744
0.9988
0.99231
0.98676
0.9985
0.9998
0.99886
0.99872
0.99383
0.99805
0.99985
0.99885
0.74179
0.98089
0.99709
0.99038
0.97397
0.9912
0.96431
0.99803
0.99725
0.94873
0.99137
0.98833
0.9934
0.91166
0.99239
0.99225
0.99731
0.986
0.98552
0.98854
0.9678
0.99053
0.9805
0.99436
0.99969
0.99055
0.98492
0.99515
0.9933
0.96002
0.98931
0.95987
0.99176
0.99745
0.99509
0.99957
0.99855
0.99875
0.99582
0.99385
0.9965
0.97972
0.99027
0.99859
0.99914
0.99772
0.99261
0.83793
0.9893
0.99594
0.98506
0.97791
0.99425
0.99547
0.99068
0.95269
0.94758
0.99035
0.99709
0.99969
0.99943
0.99895
0.95452
0.95602
0.8886
0.94758
0.9825
0.96574
0.95077
0.99318
0.96975
0.98663
0.99676
0.99524
0.96792
0.99882
0.99796
0.99862
0.99968
0.99732
0.99891
0.99778
0.99551
0.99819
0.96181
0.99738
0.99191
0.99351
0.99636
0.99859
0.998
0.99748
0.99679
0.97878
0.97918
0.99144
0.98485
0.96919
0.95402
0.98385
0.99551
0.97931
0.99342
0.96576
0.86118
0.9765
0.99877
0.88935
0.9773
0.97051
0.99105
0.99884
0.99741
0.99099
0.98735
0.99753
0.99718
0.93799
0.99332
0.98908
0.96408
0.99605
0.99521
0.98641
0.98784
0.99316
0.96352
0.99607
0.99909
0.99533
0.98966
0.93096
0.98675
0.97521
0.99744
0.99899
0.95685
0.99414
0.99742
0.96539
0.99835
0.99569
0.98321
0.98765
0.99772
0.99857
0.9965
0.97968
0.99564
0.99021
0.9824
0.98206
0.99502
0.99223
0.90609
0.99553
0.9978
0.99058
0.99327
0.99755
0.98103
0.99512
0.89692
0.98725
0.97407
0.98979
0.99198
0.98388
0.95547
0.97005
0.96583
0.97432
0.99255
0.98293
0.98653
0.98822
0.99122
0.99338
0.99116
0.96465
0.98995
0.95698
0.99303
0.98558
0.98354
0.99677
0.9952
0.98749
0.96
0.9975
0.99796
0.99206
0.97879
0.98951
0.9851
0.99135
0.98939
0.99876
0.99251
0.98869
0.99408
0.99702
0.9912
0.97645
0.96043
0.98153
0.9936
0.99858
0.98074
0.99537
0.97386
0.99436
0.99284
0.99557
0.99656
0.99098
0.99123
0.99268
0.99539
0.91485
0.99476
0.99141
0.99741
0.92741
0.99861
0.98853
0.99862
0.95366
0.99059
0.9943
0.99565
0.94052
0.96389
0.99806
0.99701
0.98654
0.98718
0.97883
0.99527
0.98037
0.97386
0.9948
0.96163
0.98965
0.9961
0.98794
0.97927
0.98911
0.8821
0.98823
0.98404
0.1953
0.90434
0.99577
0.98514
0.95485
0.99498
0.99352
0.98145
0.98946
0.98811
0.95985
0.98866
0.99388
0.98697
0.87456
0.99118
0.9946
0.99242
0.9951
0.98814
0.98432
0.99711
0.98979
0.90955
0.96394
0.99088
0.97937
0.99747
0.99881
0.90616
0.72455
0.98677
0.99226
0.95256
0.95919
0.96219
0.98109
0.72811
0.94763
0.99984
0.9952
0.98767
0.99961
0.99752
0.99928
0.99957
0.99723
0.98011
0.99781
0.99793
0.99963
0.99921
0.99806
0.99965
0.9824
0.99929
0.99975
0.99966
0.99802
0.99924
0.99863
0.99015
0.97935
0.98993
0.99846
0.99505
0.99982
0.99915
0.99499
0.93924
0.8887
0.9673
0.97661
0.99472
0.97269
0.99635
0.9839
0.98597
0.97583
0.99559
0.97792
0.97768
0.99244
0.79937
0.98562
0.9984
0.99356
0.9961
0.99155
0.9777
0.99734
0.69729
0.96043
0.97221
0.94692
0.89129
0.98497
0.98147
0.99692
0.98753
0.9981
0.97041
0.98272
0.99622
0.87715
0.96861
0.99256
0.9917
0.99661
0.98146
0.94906
0.99247
0.57421
0.95471
0.971
0.9731
0.99331
0.99886
0.99801
0.99944
0.99503
0.99805
0.99874
0.99934
0.99859
0.99858
0.99806
0.99889
0.99845
0.99687
0.99446
0.98174
0.99578
0.9963
0.98466
0.99852
0.9943
0.99806
0.99523
0.99843
0.97655
0.93984
0.99092
0.99781
0.99775
0.99787
0.99791
0.99956
0.99658
0.99866
0.9975
0.99787
0.99707
0.99355
0.99936
0.99933
0.99974
0.999
0.99369
0.97263
0.99695
0.98901
0.99925
0.92403
0.99944
0.99822
0.99775
0.99943
0.99709
0.99964
0.98484
0.99677
0.99859
0.99917
0.99782
0.98041
0.99143
0.99318
0.99959
0.99982
0.999
0.99289
0.99693
0.98144
0.97809
0.97705
0.99634
0.96098
0.98163
0.98398
0.76301
0.91056
0.97304
0.95207
0.93838
0.99022
0.64577
0.28884
0.95704
0.89079
0.94435
0.95678
0.97672
0.96472
0.92911
0.97366
0.98132
0.95557
0.88948
0.9217
0.85068
0.97378
0.97084
0.95121
0.94575
0.95771
0.98311
0.98697
0.85197
0.9351
0.93973
0.97863
0.95507
0.92928
0.97921
0.97931
0.95294
0.95526
0.99924
0.98539
0.99762
0.98507
0.98379
0.95239
0.96842
0.91197
0.97071
0.9367
0.93068
0.99958
0.98968
0.96097
0.97666
0.96721
0.99723
0.99978
0.99389
0.97758
0.97863
0.95334
0.98401
0.99389
0.99592
0.97599
0.99447
0.99978
0.97536
0.99772
0.99829
0.962
0.9985
0.99138
0.99337
0.92162
0.99933
0.94727
0.91937
0.94631
0.93543
0.73531
0.91614
0.99526
0.98985
0.99869
0.99646
0.99802
0.99875
0.99449
0.9993
0.99353
0.99511
0.99927
0.9979
0.76743
0.92054
0.8345
0.78792
0.92115
0.99965
0.99099
0.99053
0.99537
0.99144
0.99792
0.9985
0.99863
0.99199
0.99642
0.99915
0.99829
0.99465
0.99905
0.9967
0.99211
0.98658
0.99764
0.99913
0.99396
0.99813
0.99354
0.98292
0.99795
0.99893
0.99625
0.99611
0.99381
0.99937
0.9984
0.99721
0.99626
0.9979
0.99791
0.99894
0.99887
0.99744
0.99632
0.99941
0.99918
0.9991
0.99714
0.99932
0.99893
0.98444
0.99908
0.99926
0.99845
0.99617
0.99962
0.99792
0.99905
0.99925
0.99878
0.99747
0.99935
0.99853
0.99793
0.99819
0.9963
0.99663
0.99609
0.99722
0.99731
0.99823
0.99348
0.99349
0.98474
0.99666
0.9988
0.99785
0.99646
0.9914
0.99864
0.99958
0.99795
0.99576
0.99821
0.99715
0.9967
0.99889
0.9994
0.99838
0.99575
0.99846
0.99944
0.99947
0.99301
0.99912
0.99595
0.99752
0.99892
0.9975
0.99877
0.99722
0.99435
0.99872
0.99716
0.9995
0.99929
0.99847
0.99866
0.99851
0.99827
0.99646
0.99829
0.99801
0.99702
0.99771
0.99742
0.99384
0.99885
0.98602
0.99839
0.9957
0.99431
0.99756
0.99869
0.96915
0.99624
0.99731
0.99907
0.99829
0.99926
0.99799
0.99627
0.99873
0.98363
0.99166
0.99885
0.99939
0.99967
0.99892
0.99452
0.99924
0.99894
0.99599
0.996
0.99675
0.99614
0.9934
0.99572
0.99601
0.99775
0.99784
0.98336
0.9992
0.99619
0.98415
0.99707
0.99279
0.99759
0.99945
0.99839
0.99876
0.99628
0.99844
0.99519
0.9993
0.99672
0.99912
0.99772
0.99675
0.99346
0.99334
0.99755
0.99825
0.99401
0.999
0.99806
0.9997
0.99688
0.99782
0.99648
0.99661
0.9973
0.99862
0.9995
0.99492
0.99362
0.99957
0.9985
0.99874
0.99783
0.99704
0.99897
0.99696
0.99917
0.99559
0.99409
0.9907
0.99925
0.9957
0.99927
0.99845
0.98635
0.99885
0.99913
0.99874
0.99874
0.99638
0.99937
0.99943
0.99634
0.99803
0.99127
0.99674
0.99853
0.99939
0.99795
0.99108
0.99177
0.99665
0.99946
0.99876
0.99769
0.99932
0.9987
0.99866
0.99403
0.99354
0.99806
0.9962
0.99253
0.99917
0.98992
0.98891
0.9994
0.99815
0.99902
0.99983
0.99817
0.99616
0.99616
0.99949
0.9966
