100
99.8
99.2525
96.437
92.0445
87.113
81.967
76.9365
72.11
67.6295
63.3945
59.5335
55.8965
52.589
49.5365
46.6155
43.905
41.3585
39.034
36.8275
34.828
32.927
31.139
29.4605
27.9185
26.4125
25.0955
23.785
22.498
21.329
20.2235
19.1835
18.2005
17.2575
16.399
15.5615
14.7885
14.068
13.385
12.69
12.0655
11.456
10.8775
10.344
9.8115
9.295
8.83
8.357
7.9385
7.504
7.1085
6.744
6.3795
6.0535
5.736
5.4255
5.1235
4.84
4.571
4.3075
4.0505
3.812
3.59
3.3685
3.1575
2.9545
2.768
2.5685
2.406
2.2235
2.0775
1.9305
1.787
1.6525
1.5355
1.417
1.3055
1.195
1.0825
0.9885
0.8925
0.8085
0.724
0.6465
0.5685
0.5065
0.445
0.3965
0.347
0.297
0.2515
0.1995
0.1615
0.126
0.098
0.0685
0.046
0.023
0.0125
0.0035
0.001
