0.0
0.0
0.0
0.0
0.0
0.0
0.0
0.0
0.0
0.03305785123966942
0.03305785123966942
0.03305785123966942
0.049586776859504134
0.049586776859504134
0.06611570247933884
0.06611570247933884
0.06611570247933884
0.06611570247933884
0.06611570247933884
0.06611570247933884
0.09917355371900827
0.09917355371900827
0.09917355371900827
0.09917355371900827
0.11570247933884298
0.11570247933884298
0.11570247933884298
0.11570247933884298
0.11570247933884298
0.1322314049586777
0.1487603305785124
0.1487603305785124
0.1487603305785124
0.1652892561983471
0.19834710743801653
0.23140495867768596
0.23140495867768596
0.23140495867768596
0.23140495867768596
0.23140495867768596
0.23140495867768596
0.2644628099173554
0.2809917355371901
0.3140495867768595
0.3305785123966942
0.34710743801652894
0.36363636363636365
0.4132231404958678
0.4297520661157025
0.4628099173553719
0.512396694214876
0.512396694214876
0.5950413223140496
0.6611570247933884
0.6611570247933884
0.6776859504132231
0.7272727272727273
0.7768595041322314
0.8429752066115702
0.859504132231405
0.8760330578512396
0.9090909090909091
1.0082644628099173
1.0743801652892562
1.1239669421487604
1.1900826446280992
1.2231404958677685
1.3057851239669422
1.3388429752066116
1.4710743801652892
1.5537190082644627
1.603305785123967
1.6363636363636365
1.7685950413223142
1.9338842975206612
2.0330578512396693
2.1983471074380163
2.396694214876033
2.5950413223140494
2.677685950413223
2.8925619834710745
3.0578512396694215
3.4214876033057853
3.71900826446281
4.049586776859504
4.330578512396694
4.694214876033058
5.190082644628099
5.75206611570248
6.380165289256198
7.0578512396694215
7.933884297520661
8.975206611570249
10.066115702479339
11.818181818181818
13.917355371900827
16.694214876033058
21.239669421487605
28.28099173553719
42.64462809917355
